2017-01-31_19:38:44;1;0;0
2017-01-31_19:38:53;1;0;0
2017-01-31_19:39:02;1;0;0
2017-01-31_19:39:12;1;0;0
2017-01-31_19:39:21;1;0;0
2017-01-31_19:39:28;1;0;0
2017-01-31_19:39:35;1;0;0
2017-01-31_19:39:35;1;0;0
2017-01-31_19:39:41;1;0;0
2017-01-31_19:39:42;2;0;0
2017-01-31_19:39:52;2;0;0
2017-01-31_19:40:00;2;0;0
2017-01-31_19:40:15;2;0;0
2017-01-31_19:40:25;2;0;0
2017-01-31_19:40:36;2;0;0
2017-01-31_19:40:52;2;0;0
2017-01-31_19:41:00;2;0;0
2017-01-31_19:41:08;2;0;0
2017-01-31_19:41:57;2;0;0
2017-01-31_19:42:45;2;0;0
2017-01-31_19:43:02;2;1;0
2017-01-31_19:43:12;2;1;0
2017-01-31_19:43:25;2;1;0
2017-01-31_19:43:37;2;1;0
2017-01-31_19:43:45;2;1;0
2017-01-31_19:43:55;2;1;0
2017-01-31_19:44:05;2;1;0
2017-01-31_19:44:06;2;1;0
2017-01-31_19:44:14;2;1;0
2017-01-31_19:44:15;2;2;0
2017-01-31_19:44:25;2;2;0
2017-01-31_19:44:33;2;2;0
2017-01-31_19:44:49;2;2;0
2017-01-31_19:44:59;2;2;0
2017-01-31_19:45:09;2;2;0
2017-01-31_19:45:27;2;2;0
2017-01-31_19:45:35;2;2;0
2017-01-31_19:45:44;2;2;0
2017-01-31_19:46:37;2;2;0
2017-01-31_19:47:26;3;2;0
2017-01-31_19:47:49;3;2;0
2017-01-31_19:47:59;3;2;0
2017-01-31_19:48:20;3;2;0
2017-01-31_19:48:33;3;2;0
2017-01-31_19:48:45;3;2;0
2017-01-31_19:48:54;3;2;0
2017-01-31_19:49:15;3;2;0
2017-01-31_19:49:20;3;2;0
2017-01-31_19:50:41;3;2;0
2017-01-31_19:50:42;4;2;0
2017-01-31_19:50:56;4;2;0
2017-01-31_19:51:08;4;2;0
2017-01-31_19:51:27;4;2;0
2017-01-31_19:51:51;4;2;0
2017-01-31_19:52:11;4;2;0
2017-01-31_19:52:21;4;2;0
2017-01-31_19:52:32;4;2;0
2017-01-31_19:53:28;4;2;0
2017-01-31_19:54:24;4;2;0
2017-01-31_19:55:19;5;2;0
2017-01-31_19:55:57;5;2;0
2017-01-31_19:56:25;5;2;0
2017-01-31_19:57:23;5;2;0
2017-01-31_19:57:38;5;2;0
2017-01-31_19:57:58;5;2;0
2017-01-31_19:58:13;5;2;0
2017-01-31_19:59:11;5;2;0
2017-01-31_19:59:29;5;2;0
2017-01-31_19:59:59;6;2;0
2017-01-31_20:01:26;6;2;0
2017-01-31_20:01:47;6;2;0
2017-01-31_20:01:51;6;2;0
2017-01-31_20:03:45;6;2;0
2017-01-31_20:04:06;6;2;0
2017-01-31_20:04:15;6;3;0
2017-01-31_20:04:54;6;3;0
2017-01-31_20:06:15;6;3;0
2017-01-31_20:06:16;6;3;0
2017-01-31_20:07:44;6;3;0
2017-01-31_20:08:15;6;3;0
2017-01-31_20:08:29;6;3;0
2017-01-31_20:09:59;6;3;0
2017-01-31_20:10:18;7;3;0
2017-01-31_20:10:52;7;3;0
2017-01-31_20:12:02;7;3;0
2017-01-31_20:12:18;7;3;0
2017-01-31_20:15:40;7;3;0
2017-01-31_20:15:41;7;3;0
2017-01-31_20:16:40;7;3;0
2017-01-31_20:20:08;7;3;0
2017-01-31_20:20:31;7;3;0
2017-01-31_20:22:53;7;3;0
2017-01-31_20:24:05;7;3;0
2017-01-31_20:24:42;7;3;0
2017-01-31_20:25:17;7;3;0
2017-01-31_20:27:58;7;3;0
2017-01-31_20:29:04;7;3;0
2017-01-31_20:30:04;7;3;0
2017-01-31_20:32:45;7;3;0
2017-01-31_20:33:46;8;3;0
2017-01-31_20:34:58;8;3;0
2017-01-31_20:36:55;8;3;0
2017-01-31_20:42:00;8;3;0
2017-01-31_20:44:31;8;3;0
2017-01-31_20:44:59;8;3;0
2017-01-31_20:45:00;8;3;0
2017-01-31_20:48:50;8;3;0
2017-01-31_20:49:30;8;3;0
2017-01-31_20:50:45;8;3;0
2017-01-31_20:51:28;8;3;0
2017-01-31_20:53:18;8;3;0
2017-01-31_20:56:42;8;3;0
2017-01-31_20:59:32;8;3;0
2017-01-31_21:01:04;8;3;0
2017-01-31_21:03:23;8;3;0
2017-01-31_21:03:25;8;3;0
2017-01-31_21:07:24;8;3;0
2017-01-31_21:08:05;8;3;0
2017-01-31_21:09:50;8;3;0
2017-01-31_21:10:41;8;3;0
2017-01-31_21:13:04;8;3;0
2017-01-31_21:13:13;8;3;0
2017-01-31_21:15:44;8;3;0
2017-01-31_21:21:34;8;3;0
2017-01-31_21:22:43;8;3;0
2017-01-31_21:23:45;9;3;0
2017-01-31_21:26:10;9;3;0
2017-01-31_21:27:16;9;3;0
2017-01-31_21:30:45;9;3;0
2017-01-31_21:33:09;9;3;0
2017-01-31_21:36:33;9;3;0
2017-01-31_21:39:35;9;3;1
2017-01-31_21:43:43;9;3;1
2017-01-31_21:45:58;9;3;1
2017-01-31_21:46:40;9;3;1
2017-01-31_21:47:17;9;3;1
2017-01-31_21:49:54;9;3;1
2017-01-31_21:52:22;9;3;1
2017-01-31_21:55:38;9;3;1
2017-01-31_21:57:47;9;3;2
2017-01-31_21:59:52;9;3;2
2017-01-31_22:02:08;9;3;2
2017-01-31_22:05:22;9;3;2
2017-01-31_22:12:19;9;3;2
2017-01-31_22:12:40;9;3;2
2017-01-31_22:13:29;9;3;2
2017-01-31_22:15:15;9;3;2
2017-01-31_22:15:40;9;4;2
2017-01-31_22:19:26;9;4;2
2017-01-31_22:22:30;9;4;2
2017-01-31_22:26:56;9;4;2
2017-01-31_22:30:37;9;4;2
2017-01-31_22:31:42;9;4;2
2017-01-31_22:32:56;9;4;2
2017-01-31_22:42:10;9;4;2
2017-01-31_22:43:29;9;4;2
2017-01-31_22:48:19;9;4;2
2017-01-31_22:50:19;10;4;2
2017-01-31_22:52:58;10;4;2
2017-01-31_22:54:12;10;4;2
2017-01-31_22:54:52;10;4;2
2017-01-31_22:55:22;10;4;2
2017-01-31_23:01:25;10;4;2
2017-01-31_23:02:26;10;4;2
2017-01-31_23:03:50;10;4;2
2017-01-31_23:07:01;10;4;2
2017-01-31_23:11:18;10;4;2
2017-01-31_23:12:09;10;4;2
2017-01-31_23:19:30;10;4;2
2017-01-31_23:20:19;10;4;2
2017-01-31_23:23:35;10;4;2
2017-01-31_23:24:48;10;4;3
2017-01-31_23:30:09;10;4;3
2017-01-31_23:30:57;10;4;3
2017-01-31_23:31:13;10;4;3
2017-01-31_23:33:03;10;4;3
2017-01-31_23:38:07;10;4;3
2017-01-31_23:39:08;10;4;3
2017-01-31_23:42:36;10;4;3
2017-01-31_23:43:33;10;4;3
2017-01-31_23:46:28;10;4;3
2017-01-31_23:51:28;10;4;3
2017-01-31_23:57:00;10;4;3
2017-02-01_00:05:27;10;4;3
2017-02-01_00:10:59;10;4;3
2017-02-01_00:11:46;10;4;3
2017-02-01_00:13:50;10;4;3
2017-02-01_00:15:41;10;4;3
2017-02-01_00:15:54;10;4;3
2017-02-01_00:20:11;10;4;3
2017-02-01_00:23:47;10;4;3
2017-02-01_00:25:14;10;4;3
2017-02-01_00:30:57;10;4;4
2017-02-01_00:34:57;10;4;4
2017-02-01_00:39:05;10;4;4
2017-02-01_00:40:10;10;4;4
2017-02-01_00:45:55;10;4;4
2017-02-01_00:46:30;10;4;4
2017-02-01_00:46:39;10;4;4
2017-02-01_00:50:10;10;4;4
2017-02-01_00:59:04;10;4;4
2017-02-01_01:00:33;10;4;4
2017-02-01_01:02:06;10;4;4
2017-02-01_01:05:43;10;4;4
2017-02-01_01:12:34;10;4;4
2017-02-01_01:16:49;10;4;4
2017-02-01_01:22:24;10;4;4
2017-02-01_01:22:47;10;4;4
2017-02-01_01:23:11;10;4;4
2017-02-01_01:25:32;10;4;4
2017-02-01_01:25:58;10;4;4
2017-02-01_01:33:11;10;4;4
2017-02-01_01:39:01;10;4;4
2017-02-01_01:43:03;10;4;4
2017-02-01_01:45:13;10;4;4
2017-02-01_01:50:20;10;4;4
2017-02-01_01:53:19;10;4;4
2017-02-01_01:55:39;10;5;4
2017-02-01_02:03:33;10;5;4
2017-02-01_02:03:41;10;5;4
2017-02-01_02:15:50;10;5;4
2017-02-01_02:16:45;10;5;4
2017-02-01_02:17:26;10;5;4
2017-02-01_02:19:05;10;5;4
2017-02-01_02:22:24;10;5;4
2017-02-01_02:24:21;10;5;4
2017-02-01_02:30:12;10;5;4
2017-02-01_02:33:07;10;5;4
2017-02-01_02:35:42;10;5;4
2017-02-01_02:56:33;11;5;4
2017-02-01_02:57:03;11;5;4
2017-02-01_02:57:34;11;5;4
2017-02-01_02:59:35;11;5;4
2017-02-01_03:04:39;11;5;4
2017-02-01_03:04:54;11;5;4
2017-02-01_03:11:57;11;5;4
2017-02-01_03:13:51;11;5;4
2017-02-01_03:14:00;11;5;4
2017-02-01_03:16:27;11;5;4
2017-02-01_03:23:00;11;5;4
2017-02-01_03:23:16;11;5;4
2017-02-01_03:26:11;11;5;4
2017-02-01_03:34:28;11;5;4
2017-02-01_03:37:35;11;5;4
2017-02-01_03:39:06;11;5;4
2017-02-01_03:39:26;11;5;5
2017-02-01_03:46:53;11;5;5
2017-02-01_03:56:42;11;5;5
2017-02-01_03:58:19;11;5;5
2017-02-01_04:01:20;11;5;5
2017-02-01_04:02:06;11;5;5
2017-02-01_04:06:24;11;5;5
2017-02-01_04:08:43;11;5;5
2017-02-01_04:20:54;11;5;5
2017-02-01_04:22:57;11;5;5
2017-02-01_04:24:46;11;5;5
2017-02-01_04:30:14;11;5;6
2017-02-01_04:30:55;11;5;6
2017-02-01_04:39:20;11;5;6
2017-02-01_04:40:44;11;5;6
2017-02-01_04:44:08;11;5;6
2017-02-01_04:46:20;11;5;6
2017-02-01_04:50:34;11;5;6
2017-02-01_04:50:59;11;5;6
2017-02-01_04:55:09;11;5;6
2017-02-01_05:10:27;11;5;6
2017-02-01_05:15:05;11;5;6
2017-02-01_05:18:01;11;6;6
2017-02-01_05:24:29;11;6;6
2017-02-01_05:26:32;11;6;6
2017-02-01_05:29:29;11;6;6
2017-02-01_05:32:19;11;6;6
2017-02-01_05:34:24;11;6;6
2017-02-01_05:37:16;11;6;6
2017-02-01_05:39:14;11;6;6
2017-02-01_05:41:20;11;6;6
2017-02-01_05:57:19;11;6;6
2017-02-01_05:59:20;11;7;6
2017-02-01_06:12:31;11;7;6
2017-02-01_06:13:57;11;7;6
2017-02-01_06:16:48;11;7;6
2017-02-01_06:19:49;11;7;6
2017-02-01_06:26:48;11;7;6
2017-02-01_06:28:50;11;7;6
2017-02-01_06:38:23;11;7;6
2017-02-01_06:41:11;11;7;6
2017-02-01_06:43:13;11;7;6
2017-02-01_06:44:14;11;7;6
2017-02-01_06:45:32;11;7;6
2017-02-01_06:47:48;11;7;6
2017-02-01_06:49:59;11;7;6
2017-02-01_07:10:42;11;7;6
2017-02-01_07:15:26;11;7;6
2017-02-01_07:16:01;11;7;6
2017-02-01_07:22:19;11;7;6
2017-02-01_07:27:43;11;7;6
2017-02-01_07:31:30;11;7;6
2017-02-01_07:34:00;12;7;6
2017-02-01_07:37:48;12;7;6
2017-02-01_07:38:31;12;7;6
2017-02-01_07:43:20;12;7;6
2017-02-01_07:47:37;12;7;6
2017-02-01_08:04:58;12;7;6
2017-02-01_08:05:56;12;7;6
2017-02-01_08:09:59;12;7;6
2017-02-01_08:14:05;12;7;6
2017-02-01_08:28:26;12;7;6
2017-02-01_08:30:16;12;7;6
2017-02-01_08:31:02;12;7;6
2017-02-01_08:36:12;12;7;6
2017-02-01_08:47:39;12;7;6
2017-02-01_08:57:30;12;7;6
2017-02-01_09:04:35;12;7;6
2017-02-01_09:05:53;12;7;6
2017-02-01_09:08:49;12;7;6
2017-02-01_09:10:37;12;7;6
2017-02-01_09:14:38;12;7;6
2017-02-01_09:20:03;12;7;6
2017-02-01_09:30:52;12;7;6
2017-02-01_09:32:04;12;7;6
2017-02-01_09:33:44;12;7;6
2017-02-01_09:36:56;12;7;6
2017-02-01_09:37:00;12;7;6
2017-02-01_09:44:26;12;7;6
2017-02-01_09:49:32;12;7;6
2017-02-01_09:59:33;12;7;6
2017-02-01_10:17:43;12;8;6
2017-02-01_10:31:14;12;8;6
2017-02-01_10:31:57;12;8;6
2017-02-01_10:35:04;12;8;6
2017-02-01_10:38:35;12;8;6
2017-02-01_10:45:08;12;8;6
2017-02-01_10:46:12;12;8;6
2017-02-01_10:53:12;12;9;6
2017-02-01_10:56:44;12;9;6
2017-02-01_11:00:48;12;9;6
2017-02-01_11:07:16;12;9;6
2017-02-01_11:33:56;12;9;6
2017-02-01_11:35:24;12;9;6
2017-02-01_11:37:59;12;9;7
2017-02-01_11:41:40;12;9;7
2017-02-01_11:48:05;12;9;7
2017-02-01_11:49:21;12;9;7
2017-02-01_12:04:24;12;9;7
2017-02-01_12:10:18;12;9;7
2017-02-01_12:11:04;12;9;7
2017-02-01_12:19:40;12;9;7
2017-02-01_12:24:52;12;9;7
2017-02-01_12:38:38;12;9;7
2017-02-01_12:48:37;12;9;7
2017-02-01_12:52:49;12;9;7
2017-02-01_12:54:33;12;9;8
2017-02-01_13:10:05;12;9;8
2017-02-01_13:10:48;12;9;8
2017-02-01_13:15:43;12;9;8
2017-02-01_13:16:59;12;9;8
2017-02-01_13:19:50;12;9;8
2017-02-01_13:30:50;12;9;8
2017-02-01_13:45:50;12;9;8
2017-02-01_13:46:16;12;9;8
2017-02-01_13:55:24;12;9;8
2017-02-01_13:59:23;12;9;8
2017-02-01_14:01:28;12;9;8
2017-02-01_14:08:36;12;9;8
2017-02-01_14:17:21;12;9;9
2017-02-01_14:17:50;12;9;9
2017-02-01_14:24:27;12;9;9
2017-02-01_14:26:57;12;9;9
2017-02-01_14:40:33;12;9;9
2017-02-01_14:53:44;12;9;9
2017-02-01_14:55:24;12;9;9
2017-02-01_15:07:47;12;9;9
