0 0 0 0 0 0 0 0 0 0 0
0 1 0 1 1 1 1 1 1 1 0
0 3 0 3 3 3 2 2 2 2 0
0 3 0 3 3 3 3 3 3 3 0
0 4 0 4 3 4 4 4 4 4 0
0 4 0 4 3 5 5 4 4 5 0
0 4 0 4 3 5 5 4 4 5 0
0 4 0 4 3 5 5 4 4 5 0
0 4 0 4 3 5 5 4 4 5 0
0 4 0 4 3 6 5 4 4 5 0
0 4 0 4 3 6 5 5 5 5 0
0 4 0 4 3 6 5 5 5 5 0
0 5 0 4 3 7 5 5 5 5 0
0 5 0 4 3 7 5 6 5 5 0
0 5 0 4 3 7 5 6 5 5 0
0 5 0 4 3 7 5 6 5 5 0
0 5 0 4 3 7 5 6 5 5 0
0 6 0 4 3 7 5 6 5 5 0
0 6 0 5 3 7 5 7 5 5 0
0 6 0 5 3 8 5 7 5 5 0
0 6 0 5 3 8 5 7 6 5 0
0 6 0 5 3 8 6 7 6 5 0
0 6 0 5 3 8 6 7 6 5 0
0 6 0 6 3 8 6 7 6 5 0
0 6 0 6 3 9 6 7 6 6 0
0 6 0 7 3 9 6 7 6 6 0
0 6 0 7 3 9 6 7 6 6 0
0 6 0 7 3 10 6 7 6 7 0
0 6 0 7 3 10 6 7 6 7 0
0 6 0 7 3 10 6 7 6 7 0
0 6 0 7 3 11 6 7 6 7 0
0 6 0 7 3 11 6 8 7 7 0
0 6 0 7 3 11 6 8 7 8 0
0 6 0 7 3 11 6 8 7 8 0
0 7 0 7 3 11 6 8 7 8 0
0 7 0 7 3 11 7 8 7 8 0
0 7 0 7 3 11 7 8 7 8 0
0 7 0 7 3 11 7 8 8 8 0
0 7 0 7 3 11 7 8 8 8 0
0 7 0 7 3 11 7 9 8 8 0
0 7 0 7 3 11 7 9 8 9 0
0 7 0 8 3 11 7 9 8 9 0
0 8 0 8 3 11 7 9 8 9 0
0 8 0 8 3 11 7 9 8 9 0
0 8 0 8 3 11 7 9 8 9 0
0 8 0 8 3 11 7 9 9 9 0
0 8 0 8 3 11 7 9 9 9 0
0 8 0 8 3 11 7 9 9 10 0
0 8 0 8 3 11 7 9 9 10 0
0 9 0 9 3 11 7 9 9 10 0
0 9 0 9 3 11 7 9 9 10 0
