0 0 0
20 3 0
34 10 0
43 15 2
45 19 3
45 28 4
47 31 4
44 36 7
44 37 8
47 38 8
43 44 10
42 46 12
43 47 12
44 48 13
45 50 14
44 51 16
44 52 17
44 54 17
43 54 19
44 56 19
44 58 19
43 59 20
43 61 20
41 60 23
41 62 23
42 63 23
42 65 23
43 66 23
43 67 23
44 67 23
45 68 23
44 67 26
41 69 28
41 69 28
43 71 29
44 71 29
44 73 29
44 73 29
44 72 32
44 72 32
45 74 32
44 75 33
44 76 33
44 77 33
43 78 35
42 78 36
42 78 36
42 81 36
43 82 36
42 83 37
43 84 37
42 84 38
42 86 39
42 86 39
42 87 39
42 88 39
42 89 39
42 90 39
42 92 39
43 92 39
42 93 39
42 93 39
42 90 43
42 91 43
41 93 43
41 95 43
41 97 43
41 98 43
41 99 43
41 99 43
41 99 43
41 100 43
41 102 43
40 103 44
40 98 50
39 102 50
38 102 51
38 103 51
38 103 51
38 104 51
38 106 51
38 106 51
38 107 51
38 108 51
38 108 51
38 111 51
37 112 52
37 112 52
37 113 52
37 113 52
37 114 52
38 114 52
37 117 52
38 117 52
38 117 52
39 117 52
40 117 52
42 117 52
42 117 52
42 115 55
42 115 55
43 115 55
44 115 55
45 115 55
44 115 56
44 115 56
44 115 57
43 115 58
43 113 61
44 113 61
43 113 62
44 113 62
44 113 62
45 113 62
45 113 62
45 113 63
45 113 63
45 113 63
45 113 63
45 113 63
44 112 65
45 112 65
45 112 65
45 112 65
45 112 65
45 112 65
45 112 65
44 112 66
43 110 70
44 110 70
44 110 70
43 110 71
43 110 71
45 110 71
45 110 71
45 110 72
45 110 72
45 110 72
44 101 82
44 101 82
42 99 86
43 99 86
43 99 86
44 99 86
45 99 86
45 99 86
44 99 87
45 99 87
45 99 87
45 99 87
44 99 88
43 96 93
43 96 93
45 96 93
45 96 93
45 96 93
45 96 93
45 96 93
44 96 94
43 96 95
43 96 95
44 96 95
44 96 95
44 96 95
43 96 96
43 90 103
45 90 103
44 81 114
45 81 114
45 81 114
45 81 114
44 81 115
44 81 115
43 81 116
45 81 116
45 81 116
45 81 116
45 81 116
44 77 122
45 77 122
44 77 123
44 77 123
44 77 123
43 77 124
44 77 124
45 77 124
44 77 128
45 77 128
44 77 129
44 77 129
44 77 129
44 77 129
44 77 129
44 77 129
44 77 129
44 77 129
44 77 129
44 77 129
44 77 129
44 77 129
44 77 129
44 77 129
44 77 129
44 77 129
44 77 129
44 77 129
44 77 129
44 77 129
44 77 129
44 77 129
44 77 129
44 77 129
44 77 129
44 77 129
44 77 129
44 77 129
44 77 129
44 77 129
44 77 129
44 77 129
44 77 129
44 77 129
44 77 129
44 77 129
44 77 129
44 77 129
44 77 129
44 77 129
44 77 129
44 77 129
44 77 129
44 77 129
44 77 129
44 77 129
44 77 129
44 77 129
44 77 129
44 77 129
44 77 129
44 77 129
44 77 129
44 77 129
44 77 129
44 77 129
44 77 129
44 77 129
44 77 129
44 77 129
44 77 129
44 77 129
44 77 129
44 77 129
44 77 129
44 77 129
44 77 129
44 77 129
44 77 129
44 77 129
44 77 129
44 77 129
44 77 129
44 77 129
44 77 129
44 77 129
44 77 129
44 77 129
44 77 129
44 77 129
44 77 129
44 77 129
44 77 129
44 77 129
44 77 129
44 77 129
44 77 129
44 77 129
44 77 129
44 77 129
44 77 129
44 77 129
44 77 129
44 77 129
44 77 129
44 77 129
44 77 129
44 77 129
44 77 129
44 77 129
44 77 129
44 77 129
44 77 129
44 77 129
44 77 129
44 77 129
44 77 129
44 77 129
44 77 129
44 77 129
44 77 129
44 77 129
44 77 129
44 77 129
44 77 129
44 77 129
44 77 129
44 77 129
44 77 129
44 77 129
44 77 129
44 77 129
44 77 129
44 77 129
44 77 129
44 77 129
44 77 129
44 77 129
44 77 129
44 77 129
44 77 129
44 77 129
44 77 129
44 77 129
44 77 129
44 77 129
44 77 129
44 77 129
44 77 129
44 77 129
44 77 129
44 77 129
44 77 129
44 77 129
44 77 129
44 77 129
44 77 129
44 77 129
44 77 129
44 77 129
44 77 129
44 77 129
44 77 129
44 77 129
44 77 129
44 77 129
44 77 129
44 77 129
44 77 129
44 77 129
44 77 129
44 77 129
44 77 129
44 77 129
44 77 129
44 77 129
44 77 129
44 77 129
44 77 129
44 77 129
44 77 129
44 77 129
44 77 129
44 77 129
44 77 129
44 77 129
44 77 129
44 77 129
44 77 129
44 77 129
44 77 129
44 77 129
44 77 129
44 77 129
44 77 129
44 77 129
44 77 129
44 77 129
44 77 129
44 77 129
44 77 129
44 77 129
44 77 129
44 77 129
44 77 129
44 77 129
44 77 129
44 77 129
44 77 129
44 77 129
44 77 129
44 77 129
44 77 129
44 77 129
44 77 129
44 77 129
44 77 129
44 77 129
44 77 129
44 77 129
44 77 129
44 77 129
44 77 129
44 77 129
44 77 129
44 77 129
44 77 129
44 77 129
44 77 129
44 77 129
44 77 129
44 77 129
44 77 129
44 77 129
44 77 129
44 77 129
44 77 129
44 77 129
44 77 129
44 77 129
44 77 129
44 77 129
44 77 129
44 77 129
44 77 129
44 77 129
44 77 129
44 77 129
44 77 129
44 77 129
44 77 129
44 77 129
44 77 129
44 77 129
44 77 129
44 77 129
44 77 129
44 77 129
44 77 129
44 77 129
44 77 129
44 77 129
44 77 129
44 77 129
44 77 129
44 77 129
44 77 129
44 77 129
44 77 129
44 77 129
44 77 129
44 77 129
44 77 129
44 77 129
44 77 129
44 77 129
44 77 129
44 77 129
44 77 129
44 77 129
44 77 129
44 77 129
44 77 129
44 77 129
44 77 129
44 77 129
44 77 129
44 77 129
44 77 129
44 77 129
44 77 129
44 77 129
44 77 129
44 77 129
44 77 129
44 77 129
44 77 129
44 77 129
44 77 129
44 77 129
44 77 129
44 77 129
44 77 129
44 77 129
44 77 129
44 77 129
44 77 129
44 77 129
44 77 129
44 77 129
44 77 129
44 77 129
44 77 129
44 77 129
44 77 129
44 77 129
44 77 129
44 77 129
44 77 129
44 77 129
44 77 129
44 77 129
44 77 129
44 77 129
44 77 129
44 77 129
44 77 129
44 77 129
44 77 129
44 77 129
44 77 129
44 77 129
44 77 129
44 77 129
44 77 129
44 77 129
44 77 129
44 77 129
44 77 129
44 77 129
44 77 129
44 77 129
44 77 129
44 77 129
44 77 129
44 77 129
44 77 129
44 77 129
44 77 129
44 77 129
44 77 129
44 77 129
44 77 129
44 77 129
44 77 129
44 77 129
44 77 129
44 77 129
44 77 129
44 77 129
44 77 129
44 77 129
44 77 129
44 77 129
44 77 129
44 77 129
44 77 129
44 77 129
44 77 129
44 77 129
44 77 129
44 77 129
44 77 129
44 77 129
44 77 129
44 77 129
44 77 129
44 77 129
44 77 129
44 77 129
44 77 129
44 77 129
44 77 129
44 77 129
44 77 129
44 77 129
44 77 129
44 77 129
44 77 129
44 77 129
44 77 129
44 77 129
44 77 129
44 77 129
44 77 129
44 77 129
44 77 129
44 77 129
44 77 129
44 77 129
44 77 129
44 77 129
44 77 129
44 77 129
44 77 129
44 77 129
44 77 129
44 77 129
44 77 129
44 77 129
44 77 129
44 77 129
44 77 129
44 77 129
44 77 129
44 77 129
44 77 129
44 77 129
44 77 129
44 77 129
44 77 129
44 77 129
44 77 129
44 77 129
44 77 129
44 77 129
44 77 129
44 77 129
44 77 129
44 77 129
44 77 129
44 77 129
44 77 129
44 77 129
44 77 129
44 77 129
44 77 129
44 77 129
44 77 129
44 77 129
44 77 129
44 77 129
44 77 129
44 77 129
44 77 129
44 77 129
44 77 129
44 77 129
44 77 129
44 77 129
44 77 129
44 77 129
44 77 129
44 77 129
44 77 129
44 77 129
44 77 129
44 77 129
44 77 129
44 77 129
44 77 129
44 77 129
44 77 129
44 77 129
44 77 129
44 77 129
44 77 129
44 77 129
44 77 129
44 77 129
44 77 129
44 77 129
44 77 129
44 77 129
44 77 129
44 77 129
44 77 129
44 77 129
44 77 129
44 77 129
44 77 129
44 77 129
44 77 129
44 77 129
44 77 129
44 77 129
44 77 129
44 77 129
44 77 129
44 77 129
44 77 129
44 77 129
44 77 129
44 77 129
44 77 129
44 77 129
44 77 129
44 77 129
44 77 129
44 77 129
44 77 129
44 77 129
44 77 129
44 77 129
44 77 129
44 77 129
44 77 129
44 77 129
44 77 129
44 77 129
44 77 129
44 77 129
44 77 129
44 77 129
44 77 129
44 77 129
44 77 129
44 77 129
44 77 129
44 77 129
44 77 129
44 77 129
44 77 129
44 77 129
44 77 129
44 77 129
44 77 129
44 77 129
44 77 129
44 77 129
44 77 129
44 77 129
44 77 129
44 77 129
44 77 129
44 77 129
44 77 129
44 77 129
44 77 129
44 77 129
44 77 129
44 77 129
44 77 129
44 77 129
44 77 129
44 77 129
44 77 129
44 77 129
44 77 129
44 77 129
44 77 129
44 77 129
44 77 129
44 77 129
44 77 129
44 77 129
44 77 129
44 77 129
44 77 129
44 77 129
44 77 129
44 77 129
44 77 129
44 77 129
44 77 129
44 77 129
44 77 129
44 77 129
44 77 129
44 77 129
44 77 129
44 77 129
44 77 129
44 77 129
44 77 129
44 77 129
44 77 129
44 77 129
44 77 129
44 77 129
44 77 129
44 77 129
44 77 129
44 77 129
44 77 129
44 77 129
44 77 129
44 77 129
44 77 129
44 77 129
44 77 129
44 77 129
44 77 129
44 77 129
44 77 129
44 77 129
44 77 129
44 77 129
44 77 129
44 77 129
44 77 129
44 77 129
44 77 129
44 77 129
44 77 129
44 77 129
44 77 129
44 77 129
44 77 129
44 77 129
44 77 129
44 77 129
44 77 129
44 77 129
44 77 129
44 77 129
44 77 129
44 77 129
44 77 129
44 77 129
44 77 129
44 77 129
44 77 129
44 77 129
44 77 129
44 77 129
44 77 129
44 77 129
44 77 129
44 77 129
44 77 129
44 77 129
44 77 129
44 77 129
44 77 129
44 77 129
44 77 129
44 77 129
44 77 129
44 77 129
44 77 129
44 77 129
44 77 129
44 77 129
44 77 129
44 77 129
44 77 129
44 77 129
44 77 129
44 77 129
44 77 129
44 77 129
44 77 129
44 77 129
44 77 129
44 77 129
44 77 129
44 77 129
44 77 129
44 77 129
44 77 129
44 77 129
44 77 129
44 77 129
44 77 129
44 77 129
44 77 129
44 77 129
44 77 129
44 77 129
44 77 129
44 77 129
44 77 129
44 77 129
44 77 129
44 77 129
44 77 129
44 77 129
44 77 129
44 77 129
44 77 129
44 77 129
44 77 129
44 77 129
44 77 129
44 77 129
44 77 129
44 77 129
44 77 129
