0 0 0
19 3 0
35 8 0
42 17 2
43 22 4
47 29 4
45 38 5
41 43 9
41 47 12
39 49 13
37 53 17
38 57 17
42 59 18
39 65 19
42 68 19
39 73 22
39 77 23
41 77 23
40 81 24
38 85 25
39 90 25
39 94 25
38 98 27
37 101 31
37 104 31
37 108 34
37 112 35
37 116 35
36 121 36
34 122 39
35 125 39
34 125 45
34 130 47
34 135 47
37 138 47
39 142 47
36 149 48
36 153 49
37 157 50
35 162 51
35 164 51
35 168 52
34 171 54
36 177 54
34 182 54
34 186 57
34 189 57
36 191 59
35 193 61
35 198 62
35 201 62
35 204 62
35 208 62
34 209 63
38 213 63
32 222 66
32 226 66
33 231 66
34 236 66
32 240 71
33 244 71
33 247 72
33 250 72
33 252 72
33 254 72
33 256 72
34 257 72
33 260 72
34 260 72
33 263 72
33 263 72
33 263 72
33 263 72
33 263 72
33 263 72
33 263 72
33 263 72
33 263 72
33 263 72
33 263 72
33 263 72
33 263 72
33 263 72
33 263 72
33 263 72
33 263 72
33 263 72
33 263 72
33 263 72
33 263 72
33 263 72
33 263 72
33 263 72
33 263 72
33 263 72
33 263 72
33 263 72
33 263 72
33 263 72
33 263 72
33 263 72
33 263 72
33 263 72
33 263 72
33 263 72
33 263 72
33 263 72
33 263 72
33 263 72
33 263 72
33 263 72
33 263 72
33 263 72
33 263 72
33 263 72
33 263 72
33 263 72
33 263 72
33 263 72
33 263 72
33 263 72
33 263 72
33 263 72
33 263 72
33 263 72
33 263 72
33 263 72
33 263 72
33 263 72
33 263 72
33 263 72
33 263 72
33 263 72
33 263 72
33 263 72
33 263 72
33 263 72
33 263 72
33 263 72
33 263 72
33 263 72
33 263 72
33 263 72
33 263 72
33 263 72
33 263 72
33 263 72
33 263 72
33 263 72
33 263 72
33 263 72
33 263 72
33 263 72
33 263 72
33 263 72
33 263 72
33 263 72
33 263 72
33 263 72
33 263 72
33 263 72
33 263 72
33 263 72
33 263 72
33 263 72
33 263 72
33 263 72
33 263 72
33 263 72
33 263 72
33 263 72
33 263 72
33 263 72
33 263 72
33 263 72
33 263 72
33 263 72
33 263 72
33 263 72
33 263 72
33 263 72
33 263 72
33 263 72
