1  0  0 0 0  0  0  0
2  11  10 1 21  21  0  1
3  12  10 2 42  42  0  1
4  13  10 3 56  50  6  0.892857
5  14  10 4 64  51  13  0.796875
6  15  10 5 78  52  26  0.666667
7  16  10 6 86  53  33  0.616279
8  17  10 7 90  57  33  0.633333
9  18  10 8 96  61  35  0.635417
10  19  10 9 97  61  36  0.628866
11  20  10 10 104  64  40  0.615385
12  21  10 11 109  65  44  0.59633
13  22  10 12 117  67  50  0.57265
14  23  10 13 120  67  53  0.558333
15  24  10 14 125  69  56  0.552
16  25  10 15 129  70  59  0.542636
17  26  10 16 134  70  64  0.522388
18  27  10 17 141  70  71  0.496454
19  28  10 18 143  70  73  0.48951
20  29  10 19 146  71  75  0.486301
21  30  10 20 149  74  75  0.496644
22  31  10 21 154  75  79  0.487013
23  32  10 22 158  75  83  0.474684
24  33  10 23 167  76  91  0.45509
25  34  10 24 171  76  95  0.444444
26  35  10 25 173  76  97  0.439306
27  36  10 26 182  78  104  0.428571
28  37  10 27 184  78  106  0.423913
29  38  10 28 192  78  114  0.40625
30  39  10 29 195  80  115  0.410256
31  40  10 30 201  81  120  0.402985
32  41  10 31 203  82  121  0.403941
33  42  10 32 207  82  125  0.396135
34  43  10 33 215  83  132  0.386046
35  44  10 34 222  83  139  0.373874
36  45  10 35 224  84  140  0.375
37  46  10 36 233  84  149  0.360515
38  47  10 37 236  86  150  0.364407
39  48  10 38 240  89  151  0.370833
40  49  10 39 243  89  154  0.366255
41  50  10 40 249  89  160  0.35743
42  51  10 41 253  90  163  0.355731
43  52  10 42 261  90  171  0.344828
44  53  10 43 268  92  176  0.343284
45  54  10 44 271  92  179  0.339483
46  55  10 45 276  92  184  0.333333
47  56  10 46 280  93  187  0.332143
48  57  10 47 286  93  193  0.325175
49  58  10 48 290  93  197  0.32069
50  59  10 49 295  93  202  0.315254
51  60  10 50 298  95  203  0.318792
52  61  10 51 302  96  206  0.317881
53  62  10 52 306  97  209  0.316993
54  63  10 53 309  98  211  0.317152
55  64  10 54 314  99  215  0.315287
56  65  10 55 317  99  218  0.312303
57  66  10 56 327  102  225  0.311927
58  67  10 57 329  102  227  0.31003
59  68  10 58 331  102  229  0.308157
60  69  10 59 341  103  238  0.302053
61  70  10 60 346  103  243  0.297688
62  71  10 61 351  103  248  0.293447
63  72  10 62 352  103  249  0.292614
64  73  10 63 354  104  250  0.293785
65  74  10 64 356  105  251  0.294944
66  75  10 65 360  105  255  0.291667
67  76  10 66 362  105  257  0.290055
68  77  10 67 364  105  259  0.288462
69  78  10 68 365  105  260  0.287671
70  79  10 69 366  105  261  0.286885
71  80  10 70 367  105  262  0.286104
72  81  10 71 367  105  262  0.286104
73  82  10 72 367  105  262  0.286104
74  83  10 73 367  105  262  0.286104
75  84  10 74 367  105  262  0.286104
76  85  10 75 367  105  262  0.286104
77  86  10 76 367  105  262  0.286104
78  87  10 77 367  105  262  0.286104
79  88  10 78 367  105  262  0.286104
80  89  10 79 367  105  262  0.286104
