0 0 0
21 0 0
36 0 0
42 0 2
42 0 5
45 0 6
45 0 9
44 0 11
43 0 13
41 0 16
40 0 17
41 0 19
40 0 20
42 0 21
41 0 22
41 0 22
41 0 23
41 0 23
42 0 24
42 0 24
43 0 24
44 0 24
44 0 24
45 0 24
44 0 26
44 0 26
44 0 26
43 0 28
43 0 30
43 0 30
43 0 30
41 0 32
41 0 32
40 0 33
41 0 33
41 0 35
40 0 36
42 0 36
42 0 36
42 0 36
42 0 37
41 0 38
41 0 38
41 0 38
41 0 38
41 0 38
40 0 42
39 0 43
40 0 43
39 0 47
39 0 47
39 0 47
38 0 48
37 0 49
37 0 49
38 0 49
38 0 49
37 0 50
37 0 50
36 0 51
36 0 51
36 0 51
36 0 51
36 0 51
35 0 54
35 0 54
35 0 54
35 0 54
35 0 54
35 0 54
37 0 54
37 0 54
37 0 54
37 0 54
37 0 54
37 0 54
36 0 55
36 0 55
36 0 55
36 0 55
36 0 55
36 0 55
36 0 55
36 0 55
36 0 55
36 0 55
36 0 55
36 0 55
36 0 55
36 0 55
36 0 55
36 0 55
35 0 56
36 0 56
36 0 56
37 0 56
39 0 56
39 0 56
39 0 60
39 0 60
40 0 60
41 0 61
42 0 61
41 0 62
43 0 62
43 0 63
43 0 63
44 0 63
43 0 64
43 0 64
44 0 64
45 0 64
45 0 65
46 0 65
46 0 65
46 0 65
45 0 66
45 0 66
46 0 66
46 0 66
46 0 66
46 0 66
46 0 66
46 0 66
46 0 66
46 0 66
46 0 66
46 0 66
46 0 66
46 0 66
46 0 66
46 0 66
46 0 67
46 0 67
46 0 67
46 0 67
45 0 72
44 0 75
43 0 76
43 0 76
43 0 76
44 0 76
46 0 76
46 0 76
46 0 76
46 0 76
46 0 76
45 0 77
45 0 77
44 0 78
43 0 80
44 0 80
44 0 80
45 0 80
46 0 80
46 0 80
46 0 80
46 0 80
46 0 80
46 0 80
46 0 80
46 0 80
45 0 88
45 0 88
45 0 88
45 0 88
45 0 88
46 0 88
45 0 89
46 0 89
46 0 89
46 0 89
46 0 89
45 0 92
45 0 92
45 0 92
44 0 99
44 0 99
45 0 99
46 0 99
46 0 99
46 0 104
46 0 104
46 0 104
45 0 105
45 0 105
45 0 105
46 0 105
46 0 105
46 0 105
46 0 105
46 0 105
46 0 105
46 0 105
46 0 105
46 0 105
46 0 105
46 0 105
46 0 105
46 0 105
46 0 105
46 0 105
46 0 105
46 0 105
46 0 105
46 0 105
46 0 105
46 0 105
46 0 105
46 0 105
46 0 105
46 0 105
46 0 105
46 0 105
46 0 105
46 0 105
46 0 105
46 0 105
46 0 105
46 0 105
46 0 105
46 0 105
46 0 105
46 0 105
46 0 105
46 0 105
46 0 105
46 0 105
46 0 105
46 0 105
46 0 105
46 0 105
46 0 105
46 0 105
46 0 105
46 0 105
46 0 105
46 0 105
46 0 105
46 0 105
46 0 105
46 0 105
46 0 105
46 0 105
46 0 105
46 0 105
46 0 105
46 0 105
46 0 105
46 0 105
46 0 105
46 0 105
46 0 105
46 0 105
46 0 105
46 0 105
46 0 105
46 0 105
46 0 105
46 0 105
46 0 105
46 0 105
46 0 105
46 0 105
46 0 105
46 0 105
46 0 105
46 0 105
46 0 105
46 0 105
