SAMPLE RUNNING CHEATING FINISHED
0 0 0 0
1 13 0 0
2 32 0 0
3 38 0 0
4 44 1 3
5 49 1 3
6 52 1 3
7 52 3 4
8 53 4 7
9 51 4 10
10 55 4 10
11 58 4 11
12 57 4 14
13 57 4 16
14 56 4 19
15 57 4 20
16 61 4 20
17 59 4 22
18 58 4 25
19 55 4 29
20 56 4 29
21 58 4 31
22 61 4 31
23 61 4 32
24 61 4 35
25 62 4 36
26 62 5 36
27 62 5 39
28 62 5 40
29 60 5 43
30 61 5 43
31 60 6 46
32 61 6 46
33 62 6 47
34 62 6 49
35 62 6 50
36 60 6 52
37 63 6 52
38 61 6 54
39 62 6 55
40 61 6 56
41 60 6 58
42 62 6 59
43 64 6 59
44 63 5 61
45 64 5 62
46 65 5 63
47 66 5 64
48 66 5 65
49 65 5 67
50 65 5 68
